13
05
10
00
93
05
15
00
63
0a
b5
02
13
06
25
00
13
00
00
00
23
20
a0
00
13
00
00
00
93
06
35
00
33
87
b6
00
93
07
07
00
33
88
b7
40
93
08
08
00
23
20
b0
00
13
00
00
00
23
22
c0
00
13
00
00
00
03
29
40
00
13
00
00
00
93
09
09
00
33
7a
25
01
93
0b
0a
00
b3
ea
05
01
13
8c
0a
00
33
4b
17
01
93
0c
0b
00
13
00
00
00
03
2d
40
00
63
04
ad
05
93
0d
0d
00
13
00
00
00
03
2f
00
00
13
00
00
00
93
0f
0f
00
23
24
88
01
23
a6
98
01
a3
29
35
01
a3
2a
e9
01
83
a2
a5
00
03
23
d6
00
83
a3
e7
00
03
a4
6c
01
13
82
02
00
13
02
03
00
13
82
03
00
13
02
04
00
13
05
05
00
93
85
05
00
13
06
06
00
93
86
06
00
